procs -----------memory---------- ---swap-- -----io---- -system-- ------cpu-----
 r  b   swpd   free   buff  cache   si   so    bi    bo   in   cs us sy id wa st
 0  1      0 1526924  19572 398368    0    0     7    13   38   36  0  0 100  0  0
 1  0      0 1526916  19572 398376    0    0     0     0   87   61  0  0 100  0  0
 0  0      0 1526916  19580 398376    0    0     0     5   88   76  0  0 100  0  0
 2  0      0 1526916  19580 398376    0    0     0     0   56   56  0  0 100  0  0
 1  0      0 1526916  19588 398376    0    0     0     9   85   70  0  0 100  0  0
 1  0      0 1526916  19588 398376    0    0     0     0   50   50  0  0 100  0  0
 2  0      0 1526916  19596 398376    0    0     0     7   71   57  0  0 100  0  0
 2  0      0 1526916  19596 398376    0    0     0     0   37   44  0  0 100  0  0
 2  0      0 1526916  19596 398376    0    0     0     0   37   38  0  0 100  0  0
 1  0      0 1526916  19604 398376    0    0     0     4   41   43  0  0 100  0  0
